2 0.539378 0.587520 0.199001 0.290113 0 0 0 0 0 0 0 0 0 0 0 0 0 0 0
6 0.356512 0.114263 0.204380 0.223123 0 0 0 0 0 0 0 0 0 0 0 0 0 0 0
2 0.650019 0.131551 0.116020 0.164776 0 0 0 0 0 0 0 0 0 0 0 0 0 0 0
0 0.848636 0.476499 0.071456 0.182604 0 0 0 0 0 0 0 0 0 0 0 0 0 0 0
2 0.105071 0.764452 0.210142 0.444084 0 0 0 0 0 0 0 0 0 0 0 0 0 0 0
3 0.165770 0.116153 0.039570 0.094003 0 0 0 0 0 0 0 0 0 0 0 0 0 0 0
3 0.849020 0.562669 0.044564 0.122636 0 0 0 0 0 0 0 0 0 0 0 0 0 0 0
0 0.169612 0.082118 0.032655 0.105889 0 0 0 0 0 0 0 0 0 0 0 0 0 0 0
4 0.530734 0.678822 0.041875 0.044841 0 0 0 0 0 0 0 0 0 0 0 0 0 0 0
4 0.848444 0.561318 0.022666 0.034576 0 0 0 0 0 0 0 0 0 0 0 0 0 0 0
0 0.801959 0.113452 0.042643 0.046461 0 0 0 0 0 0 0 0 0 0 0 0 0 0 0
4 0.324049 0.164236 0.036496 0.027012 0 0 0 0 0 0 0 0 0 0 0 0 0 0 0
4 0.646370 0.181524 0.024203 0.030254 0 0 0 0 0 0 0 0 0 0 0 0 0 0 0
4 0.800999 0.282280 0.016904 0.030794 0 0 0 0 0 0 0 0 0 0 0 0 0 0 0
3 0.797157 0.258239 0.062236 0.143706 0 0 0 0 0 0 0 0 0 0 0 0 0 0 0
