6 0.769062 0.400108 0.203750 0.403888 0 0 0 0 0 0 0 0 0 0 0 0 0 0 0
2 0.085312 0.659827 0.170625 0.374730 0 0 0 0 0 0 0 0 0 0 0 0 0 0 0
0 0.887656 0.792387 0.072813 0.241361 0 0 0 0 0 0 0 0 0 0 0 0 0 0 0
2 0.536563 0.087743 0.092500 0.122570 0 0 0 0 0 0 0 0 0 0 0 0 0 0 0
0 0.671562 0.921436 0.087500 0.156048 0 0 0 0 0 0 0 0 0 0 0 0 0 0 0
2 0.538281 0.197894 0.110312 0.166847 0 0 0 0 0 0 0 0 0 0 0 0 0 0 0
4 0.903750 0.917927 0.026250 0.043197 0 0 0 0 0 0 0 0 0 0 0 0 0 0 0
4 0.017344 0.805886 0.034688 0.044816 0 0 0 0 0 0 0 0 0 0 0 0 0 0 0
4 0.732656 0.554806 0.028438 0.043737 0 0 0 0 0 0 0 0 0 0 0 0 0 0 0
4 0.527500 0.223542 0.023125 0.034557 0 0 0 0 0 0 0 0 0 0 0 0 0 0 0
3 0.896406 0.916577 0.048438 0.160367 0 0 0 0 0 0 0 0 0 0 0 0 0 0 0
4 0.529687 0.101242 0.016875 0.028618 0 0 0 0 0 0 0 0 0 0 0 0 0 0 0
