2 0.894687 0.352322 0.202500 0.212203 0 0 0 0 0 0 0 0 0 0 0 0 0 0 0
2 0.288906 0.209503 0.122188 0.195464 0 0 0 0 0 0 0 0 0 0 0 0 0 0 0
2 0.483594 0.430616 0.146563 0.240281 0 0 0 0 0 0 0 0 0 0 0 0 0 0 0
2 0.504375 0.229752 0.118125 0.175486 0 0 0 0 0 0 0 0 0 0 0 0 0 0 0
2 0.704063 0.045626 0.078125 0.090173 0 0 0 0 0 0 0 0 0 0 0 0 0 0 0
2 0.068906 0.789687 0.137813 0.402268 0 0 0 0 0 0 0 0 0 0 0 0 0 0 0
4 0.494844 0.257019 0.020938 0.038877 0 0 0 0 0 0 0 0 0 0 0 0 0 0 0
4 0.731719 0.976242 0.040938 0.047516 0 0 0 0 0 0 0 0 0 0 0 0 0 0 0
4 0.269844 0.276458 0.021562 0.031317 0 0 0 0 0 0 0 0 0 0 0 0 0 0 0
4 0.836875 0.376620 0.026875 0.037257 0 0 0 0 0 0 0 0 0 0 0 0 0 0 0
4 0.469375 0.473272 0.030000 0.042657 0 0 0 0 0 0 0 0 0 0 0 0 0 0 0
6 0.755938 0.712743 0.236875 0.563715 0 0 0 0 0 0 0 0 0 0 0 0 0 0 0
4 0.706875 0.046976 0.016875 0.023758 0 0 0 0 0 0 0 0 0 0 0 0 0 0 0
