2 0.470938 0.400918 0.153125 0.231641 0 0 0 0 0 0 0 0 0 0 0 0 0 0 0
2 0.330313 0.168467 0.117500 0.187905 0 0 0 0 0 0 0 0 0 0 0 0 0 0 0
0 0.771563 0.517819 0.060625 0.179266 0 0 0 0 0 0 0 0 0 0 0 0 0 0 0
2 0.473281 0.024028 0.076563 0.048056 0 0 0 0 0 0 0 0 0 0 0 0 0 0 0
4 0.772344 0.610151 0.021562 0.034557 0 0 0 0 0 0 0 0 0 0 0 0 0 0 0
0 0.886563 0.710043 0.062500 0.200864 0 0 0 0 0 0 0 0 0 0 0 0 0 0 0
4 0.886406 0.788067 0.022812 0.036177 0 0 0 0 0 0 0 0 0 0 0 0 0 0 0
2 0.519219 0.870680 0.231563 0.248920 0 0 0 0 0 0 0 0 0 0 0 0 0 0 0
4 0.454375 0.441685 0.026250 0.048596 0 0 0 0 0 0 0 0 0 0 0 0 0 0 0
4 0.313437 0.219762 0.020625 0.032397 0 0 0 0 0 0 0 0 0 0 0 0 0 0 0
3 0.768125 0.599352 0.045625 0.145788 0 0 0 0 0 0 0 0 0 0 0 0 0 0 0
3 0.881563 0.792927 0.043125 0.137689 0 0 0 0 0 0 0 0 0 0 0 0 0 0 0
0 0.865781 0.646598 0.042813 0.119330 0 0 0 0 0 0 0 0 0 0 0 0 0 0 0
