2 0.480469 0.722192 0.204687 0.360151 0 0 0 0 0 0 0 0 0 0 0 0 0 0 0
2 0.827969 0.346922 0.226562 0.243521 0 0 0 0 0 0 0 0 0 0 0 0 0 0 0
2 0.405625 0.072624 0.092500 0.144168 0 0 0 0 0 0 0 0 0 0 0 0 0 0 0
0 0.243281 0.492441 0.057188 0.194384 0 0 0 0 0 0 0 0 0 0 0 0 0 0 0
2 0.035156 0.087203 0.070312 0.121490 0 0 0 0 0 0 0 0 0 0 0 0 0 0 0
4 0.758125 0.357991 0.026250 0.034557 0 0 0 0 0 0 0 0 0 0 0 0 0 0 0
4 0.269688 0.571814 0.020625 0.037797 0 0 0 0 0 0 0 0 0 0 0 0 0 0 0
4 0.457813 0.806695 0.039375 0.048596 0 0 0 0 0 0 0 0 0 0 0 0 0 0 0
4 0.393437 0.110961 0.025000 0.021058 0 0 0 0 0 0 0 0 0 0 0 0 0 0 0
3 0.257344 0.572894 0.052812 0.134989 0 0 0 0 0 0 0 0 0 0 0 0 0 0 0
2 0.459375 0.019168 0.056250 0.038337 0 0 0 0 0 0 0 0 0 0 0 0 0 0 0
