2 0.913750 0.370140 0.171875 0.215443 0 0 0 0 0 0 0 0 0 0 0 0 0 0 0
2 0.323125 0.184125 0.140625 0.228942 0 0 0 0 0 0 0 0 0 0 0 0 0 0 0
2 0.083594 0.713013 0.167187 0.383909 0 0 0 0 0 0 0 0 0 0 0 0 0 0 0
2 0.420625 0.460853 0.152500 0.257559 0 0 0 0 0 0 0 0 0 0 0 0 0 0 0
2 0.601562 0.147408 0.105000 0.166307 0 0 0 0 0 0 0 0 0 0 0 0 0 0 0
0 0.707656 0.405508 0.050313 0.165227 0 0 0 0 0 0 0 0 0 0 0 0 0 0 0
2 0.349687 0.889579 0.240625 0.208963 0 0 0 0 0 0 0 0 0 0 0 0 0 0 0
0 0.712344 0.720842 0.076563 0.190065 0 0 0 0 0 0 0 0 0 0 0 0 0 0 0
0 0.617500 0.257289 0.043125 0.139849 0 0 0 0 0 0 0 0 0 0 0 0 0 0 0
0 0.687656 0.559125 0.057188 0.163607 0 0 0 0 0 0 0 0 0 0 0 0 0 0 0
2 0.639531 0.033477 0.074688 0.066955 0 0 0 0 0 0 0 0 0 0 0 0 0 0 0
4 0.707656 0.480022 0.017812 0.033477 0 0 0 0 0 0 0 0 0 0 0 0 0 0 0
3 0.708594 0.861231 0.054688 0.159827 0 0 0 0 0 0 0 0 0 0 0 0 0 0 0
4 0.873750 0.390929 0.024375 0.037797 0 0 0 0 0 0 0 0 0 0 0 0 0 0 0
0 0.597969 0.352592 0.044687 0.145788 0 0 0 0 0 0 0 0 0 0 0 0 0 0 0
4 0.406875 0.506479 0.031875 0.041037 0 0 0 0 0 0 0 0 0 0 0 0 0 0 0
4 0.709844 0.882019 0.023438 0.044816 0 0 0 0 0 0 0 0 0 0 0 0 0 0 0
4 0.298750 0.239741 0.021250 0.030238 0 0 0 0 0 0 0 0 0 0 0 0 0 0 0
4 0.599063 0.415227 0.016250 0.030238 0 0 0 0 0 0 0 0 0 0 0 0 0 0 0
3 0.597969 0.423866 0.029687 0.100432 0 0 0 0 0 0 0 0 0 0 0 0 0 0 0
3 0.706875 0.478402 0.033750 0.101512 0 0 0 0 0 0 0 0 0 0 0 0 0 0 0
3 0.685156 0.655238 0.046562 0.111771 0 0 0 0 0 0 0 0 0 0 0 0 0 0 0
4 0.595625 0.164957 0.022500 0.028618 0 0 0 0 0 0 0 0 0 0 0 0 0 0 0
4 0.617500 0.305886 0.015000 0.025378 0 0 0 0 0 0 0 0 0 0 0 0 0 0 0
3 0.619219 0.317225 0.032188 0.094492 0 0 0 0 0 0 0 0 0 0 0 0 0 0 0
