2 0.516563 0.601242 0.186250 0.327754 0 0 0 0 0 0 0 0 0 0 0 0 0 0 0
2 0.531094 0.258639 0.119688 0.181425 0 0 0 0 0 0 0 0 0 0 0 0 0 0 0
2 0.258437 0.276728 0.133750 0.215443 0 0 0 0 0 0 0 0 0 0 0 0 0 0 0
6 0.656875 0.080184 0.071875 0.159287 0 0 0 0 0 0 0 0 0 0 0 0 0 0 0
6 0.415625 0.062635 0.112500 0.125270 0 0 0 0 0 0 0 0 0 0 0 0 0 0 0
4 0.237813 0.342333 0.024375 0.034557 0 0 0 0 0 0 0 0 0 0 0 0 0 0 0
4 0.510000 0.683315 0.052500 0.041577 0 0 0 0 0 0 0 0 0 0 0 0 0 0 0
4 0.519531 0.280238 0.021562 0.041037 0 0 0 0 0 0 0 0 0 0 0 0 0 0 0
3 0.731719 0.022948 0.020313 0.045896 0 0 0 0 0 0 0 0 0 0 0 0 0 0 0
4 0.402813 0.086393 0.016250 0.024838 0 0 0 0 0 0 0 0 0 0 0 0 0 0 0
4 0.657969 0.117711 0.017188 0.024838 0 0 0 0 0 0 0 0 0 0 0 0 0 0 0
