6 0.241663 0.126809 0.152916 0.253612 0 0 0 0 0 0 0 0 0 0 0 0 0 0 0
6 0.257566 0.388396 0.188672 0.277505 0 0 0 0 0 0 0 0 0 0 0 0 0 0 0
2 0.523888 0.491145 0.149444 0.253526 0 0 0 0 0 0 0 0 0 0 0 0 0 0 0
2 0.569541 0.190518 0.104813 0.151739 0 0 0 0 0 0 0 0 0 0 0 0 0 0 0
2 0.439375 0.048062 0.085100 0.090896 0 0 0 0 0 0 0 0 0 0 0 0 0 0 0
2 0.624912 0.043871 0.112428 0.087743 0 0 0 0 0 0 0 0 0 0 0 0 0 0 0
2 0.926147 0.133396 0.147706 0.110389 0 0 0 0 0 0 0 0 0 0 0 0 0 0 0
0 0.947800 0.178947 0.030078 0.125896 0 0 0 0 0 0 0 0 0 0 0 0 0 0 0
3 0.951578 0.220351 0.089200 0.100713 0 0 0 0 0 0 0 0 0 0 0 0 0 0 0
4 0.229550 0.484039 0.036366 0.016852 0 0 0 0 0 0 0 0 0 0 0 0 0 0 0
4 0.205709 0.230540 0.018250 0.017111 0 0 0 0 0 0 0 0 0 0 0 0 0 0 0
4 0.429369 0.071463 0.014100 0.013429 0 0 0 0 0 0 0 0 0 0 0 0 0 0 0
4 0.564831 0.246512 0.017956 0.021663 0 0 0 0 0 0 0 0 0 0 0 0 0 0 0
4 0.652328 0.037921 0.020175 0.009968 0 0 0 0 0 0 0 0 0 0 0 0 0 0 0
4 0.514119 0.569276 0.027000 0.032505 0 0 0 0 0 0 0 0 0 0 0 0 0 0 0
